File ADT# Time#1   Time#2   Time#3   Ignore
File1 1   0.106     0.107     0.107     0      
File2 1   63.485     63.47     63.394     0      
File3 1   0.083     0.083     0.082     0      
File4 1   45.957     45.919     46.272     0      
File1 2   0.093     0.082     0.081     0      
File2 2   300.574     300.491     300.6     0      
File3 2   0.109     0.1     0.1     0      
File4 2   150.2     188.233     187.706     0      
File1 3   0.073     0.074     0.073     0      
File2 3   0.067     0.067     0.067     0      
File3 3   0.069     0.069     0.069     0      
File4 3   0.071     0.071     0.07     0      
File1 4   0.096     0.099     0.099     0      
File2 4   0.078     0.081     0.08     0      
File3 4   0.079     0.08     0.081     0      
File4 4   0.081     0.082     0.081     0      
File1 5   0.076     0.076     0.076     0      
File2 5   0.073     0.072     0.073     0      
File3 5   0.074     0.073     0.074     0      
File4 5   0.075     0.075     0.075     0      
File1 6   0.321     0.326     0.317     0      
File2 6   0.228     0.226     0.233     0      
File3 6   0.265     0.262     0.272     0      
File4 6   0.452     0.49     0.491     0      
